[
0.15750600, 0.01909149, 0.33643201, 0.02134925, 0.92800057
-0.31320900, -0.08452925, 0.53381538, -0.69299972, -0.35992691
0.17028576, 0.55849546, -0.43772808, -0.28381407, 0.62203640
-0.03625143, 0.01927121, 0.36985099, 0.64661688, -0.66589141
-0.07734260, 0.25864148, 0.49416605, 0.64284706, -0.51929784
0.04837726, 0.62976933, -0.06720591, -0.22247042, -0.73962188
-0.03625143, 0.01927121, 0.36985099, 0.64661688, -0.66589141
-0.03625143, 0.01927121, 0.36985099, 0.64661688, -0.66589141
-0.03625143, 0.01927121, 0.36985099, 0.64661688, -0.66589141
-0.52109224, -0.06314417, 0.66356301, -0.50820178, -0.16090600
0.38080019, 0.58241212, -0.10105126, -0.64230365, 0.30499521
-0.03625143, 0.01927121, 0.36985099, 0.64661688, -0.66589141
0.34933349, -0.12324478, 0.78188026, -0.38652575, 0.31943390
0.00000000, 0.00000000, 0.00000000, 0.00000000, 0.00000000
0.00000000, 0.00000000, 0.00000000, 0.00000000, 0.00000000
0.00000000, 0.00000000, 0.00000000, 0.00000000, 0.00000000
0.00000000, 0.00000000, 0.00000000, 0.00000000, 0.00000000
0.00000000, 0.00000000, 0.00000000, 0.00000000, 0.00000000
0.00000000, 0.00000000, 0.00000000, 0.00000000, 0.00000000
]
[
-0.31320900, -0.08452925, 0.53381538, -0.69299972, -0.35992691
0.61717343, -0.12478288, -0.37643731, 0.54580545, -0.40486735
-0.52109224, -0.06314417, 0.66356301, -0.50820178, -0.16090600
-0.01814206, -0.47061977, 0.59722859, 0.30819249, 0.57142222
-0.61343724, 0.33946308, -0.30868959, 0.06267346, 0.63972056
-0.32608998, 0.33159101, -0.49335435, -0.26016268, 0.68748057
-0.03625143, 0.01927121, 0.36985099, 0.64661688, -0.66589141
0.56564569, 0.39624855, 0.52615273, 0.05789263, 0.49279198
-0.48693633, 0.44409078, 0.61762977, -0.34350196, -0.25732499
-0.13855234, 0.22168285, 0.07860248, -0.63457322, -0.72304803
-0.03625143, 0.01927121, 0.36985099, 0.64661688, -0.66589141
-0.48693633, 0.44409078, 0.61762977, -0.34350196, -0.25732499
-0.13855234, 0.22168285, 0.07860248, -0.63457322, -0.72304803
-0.17437486, 0.04116492, -0.45790198, -0.85508031, -0.16450587
-0.17201985, 0.71772069, -0.52598906, 0.00464177, -0.42261112
0.56564569, 0.39624855, 0.52615273, 0.05789263, 0.49279198
-0.65801537, 0.34331295, -0.59895051, -0.30067217, -0.00254164
0.61717343, -0.12478288, -0.37643731, 0.54580545, -0.40486735
0.00000000, 0.00000000, 0.00000000, 0.00000000, 0.00000000
]
[
-0.31320900, -0.08452925, 0.53381538, -0.69299972, -0.35992691
0.61717343, -0.12478288, -0.37643731, 0.54580545, -0.40486735
-0.52109224, -0.06314417, 0.66356301, -0.50820178, -0.16090600
-0.01814206, -0.47061977, 0.59722859, 0.30819249, 0.57142222
-0.61343724, 0.33946308, -0.30868959, 0.06267346, 0.63972056
-0.32608998, 0.33159101, -0.49335435, -0.26016268, 0.68748057
-0.03625143, 0.01927121, 0.36985099, 0.64661688, -0.66589141
0.56564569, 0.39624855, 0.52615273, 0.05789263, 0.49279198
-0.48693633, 0.44409078, 0.61762977, -0.34350196, -0.25732499
-0.13855234, 0.22168285, 0.07860248, -0.63457322, -0.72304803
-0.03625143, 0.01927121, 0.36985099, 0.64661688, -0.66589141
-0.48693633, 0.44409078, 0.61762977, -0.34350196, -0.25732499
-0.13855234, 0.22168285, 0.07860248, -0.63457322, -0.72304803
-0.17437486, 0.04116492, -0.45790198, -0.85508031, -0.16450587
-0.17201985, 0.71772069, -0.52598906, 0.00464177, -0.42261112
0.56564569, 0.39624855, 0.52615273, 0.05789263, 0.49279198
-0.65801537, 0.34331295, -0.59895051, -0.30067217, -0.00254164
0.61717343, -0.12478288, -0.37643731, 0.54580545, -0.40486735
0.00000000, 0.00000000, 0.00000000, 0.00000000, 0.00000000
]
[
-0.31320900, -0.08452925, 0.53381538, -0.69299972, -0.35992691
0.61717343, -0.12478288, -0.37643731, 0.54580545, -0.40486735
-0.52109224, -0.06314417, 0.66356301, -0.50820178, -0.16090600
-0.01814206, -0.47061977, 0.59722859, 0.30819249, 0.57142222
-0.61343724, 0.33946308, -0.30868959, 0.06267346, 0.63972056
-0.32608998, 0.33159101, -0.49335435, -0.26016268, 0.68748057
-0.03625143, 0.01927121, 0.36985099, 0.64661688, -0.66589141
0.56564569, 0.39624855, 0.52615273, 0.05789263, 0.49279198
-0.48693633, 0.44409078, 0.61762977, -0.34350196, -0.25732499
-0.13855234, 0.22168285, 0.07860248, -0.63457322, -0.72304803
-0.03625143, 0.01927121, 0.36985099, 0.64661688, -0.66589141
-0.48693633, 0.44409078, 0.61762977, -0.34350196, -0.25732499
-0.13855234, 0.22168285, 0.07860248, -0.63457322, -0.72304803
-0.17437486, 0.04116492, -0.45790198, -0.85508031, -0.16450587
-0.17201985, 0.71772069, -0.52598906, 0.00464177, -0.42261112
0.56564569, 0.39624855, 0.52615273, 0.05789263, 0.49279198
-0.65801537, 0.34331295, -0.59895051, -0.30067217, -0.00254164
0.61717343, -0.12478288, -0.37643731, 0.54580545, -0.40486735
-0.48693633, 0.44409078, 0.61762977, -0.34350196, -0.25732499
]
[
-0.31320900, -0.08452925, 0.53381538, -0.69299972, -0.35992691
0.61717343, -0.12478288, -0.37643731, 0.54580545, -0.40486735
-0.52109224, -0.06314417, 0.66356301, -0.50820178, -0.16090600
-0.01814206, -0.47061977, 0.59722859, 0.30819249, 0.57142222
-0.61343724, 0.33946308, -0.30868959, 0.06267346, 0.63972056
-0.32608998, 0.33159101, -0.49335435, -0.26016268, 0.68748057
-0.03625143, 0.01927121, 0.36985099, 0.64661688, -0.66589141
0.56564569, 0.39624855, 0.52615273, 0.05789263, 0.49279198
-0.48693633, 0.44409078, 0.61762977, -0.34350196, -0.25732499
-0.13855234, 0.22168285, 0.07860248, -0.63457322, -0.72304803
-0.03625143, 0.01927121, 0.36985099, 0.64661688, -0.66589141
-0.48693633, 0.44409078, 0.61762977, -0.34350196, -0.25732499
-0.13855234, 0.22168285, 0.07860248, -0.63457322, -0.72304803
-0.17437486, 0.04116492, -0.45790198, -0.85508031, -0.16450587
-0.17201985, 0.71772069, -0.52598906, 0.00464177, -0.42261112
0.56564569, 0.39624855, 0.52615273, 0.05789263, 0.49279198
-0.65801537, 0.34331295, -0.59895051, -0.30067217, -0.00254164
0.61717343, -0.12478288, -0.37643731, 0.54580545, -0.40486735
-0.31320900, -0.08452925, 0.53381538, -0.69299972, -0.35992691
]
[
-0.31320900, -0.08452925, 0.53381538, -0.69299972, -0.35992691
0.61717343, -0.12478288, -0.37643731, 0.54580545, -0.40486735
-0.52109224, -0.06314417, 0.66356301, -0.50820178, -0.16090600
-0.01814206, -0.47061977, 0.59722859, 0.30819249, 0.57142222
-0.61343724, 0.33946308, -0.30868959, 0.06267346, 0.63972056
-0.32608998, 0.33159101, -0.49335435, -0.26016268, 0.68748057
-0.03625143, 0.01927121, 0.36985099, 0.64661688, -0.66589141
0.56564569, 0.39624855, 0.52615273, 0.05789263, 0.49279198
-0.48693633, 0.44409078, 0.61762977, -0.34350196, -0.25732499
-0.13855234, 0.22168285, 0.07860248, -0.63457322, -0.72304803
-0.03625143, 0.01927121, 0.36985099, 0.64661688, -0.66589141
-0.48693633, 0.44409078, 0.61762977, -0.34350196, -0.25732499
-0.13855234, 0.22168285, 0.07860248, -0.63457322, -0.72304803
-0.17437486, 0.04116492, -0.45790198, -0.85508031, -0.16450587
-0.17201985, 0.71772069, -0.52598906, 0.00464177, -0.42261112
0.56564569, 0.39624855, 0.52615273, 0.05789263, 0.49279198
-0.65801537, 0.34331295, -0.59895051, -0.30067217, -0.00254164
0.61717343, -0.12478288, -0.37643731, 0.54580545, -0.40486735
0.00000000, 0.00000000, 0.00000000, 0.00000000, 0.00000000
]
[
-0.31320900, -0.08452925, 0.53381538, -0.69299972, -0.35992691
0.61717343, -0.12478288, -0.37643731, 0.54580545, -0.40486735
-0.52109224, -0.06314417, 0.66356301, -0.50820178, -0.16090600
-0.01814206, -0.47061977, 0.59722859, 0.30819249, 0.57142222
-0.61343724, 0.33946308, -0.30868959, 0.06267346, 0.63972056
-0.32608998, 0.33159101, -0.49335435, -0.26016268, 0.68748057
-0.03625143, 0.01927121, 0.36985099, 0.64661688, -0.66589141
0.56564569, 0.39624855, 0.52615273, 0.05789263, 0.49279198
-0.48693633, 0.44409078, 0.61762977, -0.34350196, -0.25732499
-0.13855234, 0.22168285, 0.07860248, -0.63457322, -0.72304803
-0.03625143, 0.01927121, 0.36985099, 0.64661688, -0.66589141
-0.48693633, 0.44409078, 0.61762977, -0.34350196, -0.25732499
-0.13855234, 0.22168285, 0.07860248, -0.63457322, -0.72304803
-0.17437486, 0.04116492, -0.45790198, -0.85508031, -0.16450587
-0.17201985, 0.71772069, -0.52598906, 0.00464177, -0.42261112
0.56564569, 0.39624855, 0.52615273, 0.05789263, 0.49279198
-0.65801537, 0.34331295, -0.59895051, -0.30067217, -0.00254164
0.61717343, -0.12478288, -0.37643731, 0.54580545, -0.40486735
0.00000000, 0.00000000, 0.00000000, 0.00000000, 0.00000000
]
[
-0.31320900, -0.08452925, 0.53381538, -0.69299972, -0.35992691
0.61717343, -0.12478288, -0.37643731, 0.54580545, -0.40486735
-0.52109224, -0.06314417, 0.66356301, -0.50820178, -0.16090600
-0.01814206, -0.47061977, 0.59722859, 0.30819249, 0.57142222
-0.61343724, 0.33946308, -0.30868959, 0.06267346, 0.63972056
-0.32608998, 0.33159101, -0.49335435, -0.26016268, 0.68748057
-0.03625143, 0.01927121, 0.36985099, 0.64661688, -0.66589141
0.56564569, 0.39624855, 0.52615273, 0.05789263, 0.49279198
-0.48693633, 0.44409078, 0.61762977, -0.34350196, -0.25732499
-0.13855234, 0.22168285, 0.07860248, -0.63457322, -0.72304803
-0.03625143, 0.01927121, 0.36985099, 0.64661688, -0.66589141
-0.48693633, 0.44409078, 0.61762977, -0.34350196, -0.25732499
-0.13855234, 0.22168285, 0.07860248, -0.63457322, -0.72304803
-0.17437486, 0.04116492, -0.45790198, -0.85508031, -0.16450587
-0.17201985, 0.71772069, -0.52598906, 0.00464177, -0.42261112
0.56564569, 0.39624855, 0.52615273, 0.05789263, 0.49279198
-0.65801537, 0.34331295, -0.59895051, -0.30067217, -0.00254164
0.61717343, -0.12478288, -0.37643731, 0.54580545, -0.40486735
0.00000000, 0.00000000, 0.00000000, 0.00000000, 0.00000000
]
